name,A,B,C
PF3D7_0937600,1,2.71E-30,1.05E-32
PF3D7_1100200,0.999723982,0.000276018,8.66E-15
PF3D7_0400400,1,6.90E-13,9.83E-22
PF3D7_0425800,0.999999929,6.76E-08,3.25E-09
PF3D7_0100300,1,2.45E-34,1.21E-33
PF3D7_0800200,1,7.27E-12,6.57E-12
PF3D7_1150400,1,5.86E-12,1.63E-11
PF3D7_0600400,1,1.07E-34,1.53E-34
PF3D7_1300300,1,2.35E-16,3.98E-20
Pf7G8_050038200,0.999999999,1.08E-09,1.36E-10
Pf7G8_030005900,1,4.83E-17,1.71E-22
Pf7G8_020026900,1,3.35E-15,1.66E-21
Pf7G8_010005600,1,1.10E-12,2.00E-11
Pf7G8_050005500,0.999998718,2.74E-08,1.25E-06
PfCD01_050039400,1,5.03E-16,2.24E-19
PfCD01_130078400,0.999999999,4.78E-10,2.33E-11
PfCD01_070035600,1,2.45E-34,1.21E-33
PfCD01_090042900,0.999999999,8.93E-10,3.93E-12
PfCD01_090005800,1,9.69E-18,4.57E-25
PfCD01_080005400,1,6.55E-12,1.20E-19
PfDd2_010019400,1,3.00E-16,4.11E-20
PfDd2_100045900,1,1.54E-17,3.28E-20
PfDd2_040005100,1,1.28E-12,1.86E-11
PfDd2_070016400,1,3.48E-11,5.33E-15
PfDd2_110053300,0.999998854,1.15E-06,2.01E-14
PfDd2_010005500,1,6.63E-17,1.60E-24
PfDd2_070035700,1,1.46E-10,7.17E-12
PfDd2_090006100,1,6.78E-16,1.71E-23
PfDd2_070005500,1,3.11E-15,6.03E-16
PfDd2_130078700,1,5.95E-18,2.30E-20
PfGA01_030032000,0.999261683,0.000703722,3.46E-05
PfGA01_050037300,1,5.33E-12,4.99E-21
PfGA01_100045300,0.99999999,9.53E-09,8.84E-20
PfGA01_010005600,1,8.23E-25,1.09E-29
PfGA01_090005500,1,2.79E-12,1.89E-12
PfGA01_040005800,1,2.45E-18,4.65E-21
PfGA01_120060600,1,1.09E-13,9.58E-13
PfGB4_000013800,1,4.59E-17,2.80E-19
PfGB4_070006000,0.999997865,1.99E-06,1.47E-07
PfGB4_040006200,0.999999981,1.87E-08,8.41E-12
PfGB4_030006000,0.998166247,0.001833753,4.08E-13
PfGB4_000015900,1,1.09E-15,3.29E-19
PfGB4_030031000,1,2.82E-17,6.36E-20
PfGB4_070037400,1,5.94E-36,1.01E-37
PfGB4_000018400,0.000325391,0.999674609,1.07E-21
PfGB4_040005800,1,2.90E-12,3.78E-11
PfGB4_040031300,0.999959442,3.91E-05,1.45E-06
PfGB4_110006800,1,1.29E-16,1.55E-17
PfGB4_070018100,1,3.48E-11,5.33E-15
PfGB4_030006600,0.999999964,1.97E-10,3.55E-08
PfGB4_100004900,0.999999999,6.43E-10,3.25E-11
PfGB4_000006700,1,2.50E-36,2.75E-38
PfGB4_050005400,1,1.69E-15,2.53E-14
PfGB4_090005700,1,2.50E-36,2.75E-38
PfGN01_090042900,1,6.29E-22,2.13E-26
PfGN01_140004000,1,1.63E-16,1.47E-18
PfGN01_010019800,1,3.76E-20,2.69E-23
PfGN01_120061500,1,2.73E-18,2.48E-20
PfGN01_100005800,0.002112067,0.993308327,0.004579606
PfGN01_060005900,0.999933744,6.63E-05,1.68E-10
PfGN01_130005700,1,3.05E-19,1.47E-22
PfGN01_140085400,1,1.04E-11,3.87E-13
PfGN01_130079200,0.999145022,3.31E-05,0.000821889
PfGN01_090005800,1,1.33E-16,6.45E-21
PfGN01_000022200,1,2.82E-17,6.36E-20
PfGN01_050037800,1,8.52E-14,2.21E-21
PfHB3_050005200,1,5.77E-15,3.20E-18
PfHB3_120045300,0.011873176,0.988109329,1.75E-05
PfHB3_070005300,1,6.97E-12,1.43E-11
PfHB3_130080100,1,5.80E-18,3.02E-22
PfHB3_080005100,1,1.11E-17,4.31E-21
PfHB3_020005900,1,7.94E-15,5.52E-17
PfHB3_100044500,0.999997381,2.47E-06,1.52E-07
PfIGH-CR14_KNG74927,0.999999989,1.64E-09,9.24E-09
PfIGH-CR14_KNG75243,1,8.23E-25,1.09E-29
PfIGH-CR14_KNG74206,0.999999632,3.54E-07,1.41E-08
PfIGH-CR14_KNG74645,0.999999887,1.10E-07,3.42E-09
PfIGH-CR14_KNG74863,1,5.22E-19,5.65E-21
PfIGH-CR14_KNG75236,1,1.02E-17,1.51E-23
PfIGH-CR14_KNG75311,0.992960301,0.004986198,0.002053502
PfIGH-CR14_KNG75833,1,7.94E-20,6.26E-22
PfIGH-CR14_KNG74277,1,1.27E-18,1.13E-22
PfIGH-CR14_KNG75495,1,3.95E-15,1.57E-21
PfIGH-CR14_KNG74203,1,4.86E-11,4.38E-20
PfIGH-CR14_KNG74264,1,1.23E-19,5.14E-23
PfIGH-CR14_KNG74946,1,8.01E-15,6.38E-21
PfIT_120060300,1,5.08E-19,7.16E-21
PfIT_130005300,1,8.16E-19,6.60E-21
PfIT_090005100,1,1.54E-15,4.00E-24
PfIT_100044000,0.999999961,3.82E-09,3.49E-08
PfIT_030029700,1,1.39E-11,1.99E-22
PfIT_060036700,1,3.64E-16,1.01E-18
PfIT_070005900,1,5.74E-15,2.26E-17
PfIT_140006400,1,1.04E-12,3.99E-14
PfIT_070017100,1,3.48E-11,5.33E-15
PfKE01_030005200,1,3.64E-16,1.01E-18
PfKE01_070035100,0.996839006,0.003160994,6.53E-24
PfKE01_010005000,1,5.63E-16,7.36E-20
PfKE01_080037600,1,1.12E-11,9.06E-20
PfKE01_080005600,0.999999968,1.65E-08,1.57E-08
PfKH01_020028200,1,2.91E-16,3.42E-20
PfKH01_010021400,0.999999936,6.36E-08,2.55E-10
PfKH01_100044700,1,2.58E-17,3.28E-19
PfKH01_040005800,1,1.85E-12,2.91E-15
PfKH01_050005500,1,3.90E-15,9.13E-20
PfKH01_030030400,0.999999997,2.68E-09,4.68E-10
PfKH01_000005050,1,3.90E-15,9.13E-20
PfKH01_130076800,0.937161502,0.062753124,8.54E-05
PfKH01_110005100,1,2.58E-17,3.28E-19
PfKH02_010004900,1,1.34E-14,1.33E-17
PfKH02_090042700,1,1.06E-13,5.63E-22
PfKH02_060039000,0.986796693,0.013200815,2.49E-06
PfKH02_060005800,1,1.27E-10,6.69E-23
PfKH02_030006200,1,1.66E-17,2.46E-22
PfKH02_110054900,1,1.87E-20,4.67E-23
PfKH02_120059400,1,1.87E-20,4.67E-23
PfRAJ116_KNC35020,1,6.55E-14,1.14E-16
PfRAJ116_KNC36089,1,6.97E-17,2.43E-19
PfRAJ116_KNC35324,1,1.28E-12,1.86E-11
PfRAJ116_KNC35192,1,1.00E-18,3.76E-22
PfRAJ116_KNC35022,1,8.84E-14,1.42E-19
PfRAJ116_KNC35019,1,2.53E-11,2.65E-10
PfRAJ116_KNC35044,1,8.38E-19,6.38E-22
PfRAJ116_KNC35138,1,8.54E-19,3.03E-21
PfRAJ116_KNC35097,1,3.57E-11,1.99E-19
PfRAJ116_KNC35079,1,4.46E-19,7.74E-22
PfSD01_070060500,1,2.79E-20,6.97E-23
PfSD01_020005700,0.99999805,1.81E-06,1.38E-07
PfSD01_100044400,1,4.40E-17,1.97E-19
PfSD01_070015800,1,3.74E-11,2.31E-24
PfSD01_070016400,0.999999999,6.86E-10,4.15E-10
PfSD01_080005400,1,4.94E-21,1.19E-23
PfSD01_010005200,1,6.15E-15,8.47E-20
PfSN01_140087500,1,2.50E-36,2.75E-38
PfSN01_050005400,1,1.76E-13,3.87E-25
PfSN01_130075400,1,2.50E-36,2.75E-38
PfSN01_000020900,0.999999999,1.28E-09,1.64E-10
PfSN01_110052800,1,7.83E-17,4.92E-21
PfSN01_040005400,1,1.25E-18,1.75E-20
PfSN01_000005400,1,1.97E-30,1.74E-32
PfSN01_080037400,0.999999836,1.47E-08,1.49E-07
PfSN01_090005700,1,1.91E-19,9.81E-24
PfSN01_120005700,0.999989345,9.39E-06,1.26E-06
PfSN01_060037800,1,1.27E-10,6.69E-23
PfSN01_050005000,1,1.76E-13,3.87E-25
PfSN01_100005400,1,2.45E-34,1.21E-33
PfSN01_050037800,1,6.24E-14,2.02E-20
PF3D7_0413100,1.25E-25,0.000562929,0.999437071
PF3D7_0712400,1.73E-09,0.949607454,0.050392544
PF3D7_0809100,1.64E-16,0.996086556,0.003913444
PF3D7_1240300,8.89E-18,0.998287263,0.001712737
PF3D7_0800100,1.12E-12,0.967936982,0.032063018
PF3D7_0200100,9.33E-14,0.994441754,0.005558246
PF3D7_0632800,5.74E-16,0.999075194,0.000924806
PF3D7_0700100,1.47E-18,0.130747358,0.869252642
PF3D7_1373500,4.33E-23,0.072946044,0.927053956
PF3D7_1219300,9.78E-13,0.992960154,0.007039846
PF3D7_0300100,6.03E-14,0.999989977,1.00E-05
PF3D7_1200100,4.97E-13,0.985788945,0.014211055
PF3D7_0324900,7.30E-13,0.999990846,9.15E-06
PF3D7_0100100,1.01E-12,0.062961071,0.937038929
PF3D7_0426000,1.68E-13,0.951552154,0.048447846
PF3D7_1240400,1.17E-21,0.983150751,0.016849249
PF3D7_0500100,4.66E-22,0.974397527,0.025602473
PF3D7_1041300,6.09E-15,0.999413922,0.000586078
PF3D7_0400100,2.64E-21,0.950227667,0.049772333
PF3D7_0712300,2.32E-19,0.020175795,0.979824205
PF3D7_0421100,2.67E-18,0.992754291,0.007245709
PF3D7_1255200,6.89E-18,0.998819774,0.001180226
PF3D7_0115700,2.42E-09,0.999968919,3.11E-05
PF3D7_1300100,4.66E-22,0.974397527,0.025602473
PF3D7_1100100,1.76E-14,0.981577935,0.018422065
PF3D7_0900100,1.23E-20,0.877298994,0.122701006
PF3D7_0223500,3.40E-26,3.77E-05,0.999962298
PF3D7_0808700,3.18E-25,0.01120345,0.98879655
PF3D7_0733000,7.67E-14,0.955880844,0.044119156
Pf7G8_070018000,2.28E-21,0.889201133,0.110798867
Pf7G8_120045700,8.89E-18,0.998287263,0.001712737
Pf7G8_040030800,7.79E-11,0.982384163,0.017615837
Pf7G8_120024100,3.15E-18,0.018151334,0.981848666
Pf7G8_030030400,5.40E-17,0.999999896,1.04E-07
Pf7G8_070018200,1.33E-14,0.979514703,0.020485297
Pf7G8_000005200,3.19E-13,0.10327341,0.89672659
Pf7G8_080013900,3.82E-08,0.952809059,0.047190902
Pf7G8_120046400,2.29E-12,0.030640759,0.969359241
Pf7G8_080005400,4.79E-17,0.023206782,0.976793218
Pf7G8_010005400,2.30E-15,0.984619354,0.015380646
Pf7G8_050005300,2.29E-17,0.999893024,0.000106976
Pf7G8_090042800,3.14E-15,0.997015168,0.002984832
Pf7G8_090005600,2.33E-20,0.087140738,0.912859262
Pf7G8_070017100,4.38E-12,0.999953327,4.67E-05
Pf7G8_120060000,4.80E-15,0.997125902,0.002874098
Pf7G8_120046700,8.58E-15,0.999275807,0.000724193
Pf7G8_120005400,4.80E-15,0.997125902,0.002874098
Pf7G8_080038300,4.95E-16,0.999962736,3.73E-05
PfCD01_040018400,3.61E-13,0.997779526,0.002220474
PfCD01_120045400,1.06E-18,4.99E-05,0.999950103
PfCD01_080014400,1.82E-18,0.085872682,0.914127318
PfCD01_120045000,6.53E-20,0.982236017,0.017763983
PfCD01_040031100,1.68E-15,0.999818621,0.000181379
PfCD01_020005900,5.76E-19,0.941665969,0.058334031
PfCD01_080005300,2.38E-17,0.916405109,0.083594891
PfCD01_070005300,4.41E-20,0.881013535,0.118986465
PfCD01_050005600,9.66E-23,0.952315651,0.047684349
PfCD01_060005300,5.43E-16,0.999610471,0.000389529
PfCD01_030030500,3.52E-13,0.999923428,7.66E-05
PfCD01_070015600,2.74E-13,0.945359779,0.054640221
PfCD01_140086300,1.43E-17,0.005906848,0.994093152
PfCD01_120058500,1.87E-23,0.000683927,0.999316073
PfCD01_000010300,1.90E-18,0.09180489,0.90819511
PfCD01_050039600,2.65E-17,0.997202218,0.002797782
PfCD01_120005500,0.000167609,0.99983239,4.03E-10
PfCD01_020006000,1.75E-14,0.999951505,4.85E-05
PfCD01_030005500,1.42E-18,0.999995649,4.35E-06
PfCD01_000006600,2.96E-19,0.002355583,0.997644417
PfCD01_040026400,6.08E-21,0.999895937,0.000104063
PfCD01_120045200,1.03E-07,0.999937752,6.21E-05
PfCD01_040018100,3.60E-12,0.963237731,0.036762269
PfCD01_100045400,1.50E-12,0.994629883,0.005370117
PfCD01_130078600,2.54E-06,0.999997463,8.29E-13
PfCD01_060005500,1.22E-13,0.068950767,0.931049233
PfCD01_080013800,1.56E-17,0.999937517,6.25E-05
PfCD01_090005600,1.83E-13,0.99974733,0.00025267
PfCD01_100045500,6.60E-16,0.999972076,2.79E-05
PfCD01_020027200,1.21E-14,0.123353739,0.876646261
PfCD01_070035800,1.49E-14,0.999704457,0.000295543
PfCD01_010019500,3.87E-15,0.981853757,0.018146243
PfDd2_070016000,7.00E-18,0.999998359,1.64E-06
PfDd2_040017700,6.63E-11,0.999875425,0.000124575
PfDd2_010005300,2.09E-16,0.978139528,0.021860472
PfDd2_040017800,2.43E-18,0.999999967,3.26E-08
PfDd2_070005300,6.51E-14,0.999848004,0.000151996
PfDd2_040018000,2.37E-23,5.05E-05,0.999949467
PfDd2_070035800,1.18E-07,0.00654506,0.993454823
PfDd2_120023900,6.36E-17,0.999999969,3.10E-08
PfDd2_110053400,4.06E-15,0.984357839,0.015642161
PfDd2_130078800,5.09E-15,0.981614588,0.018385412
PfDd2_120045300,5.81E-12,0.984517043,0.015482957
PfDd2_050039000,2.10E-14,0.999957458,4.25E-05
PfDd2_030005400,2.52E-11,0.995446304,0.004553696
PfDd2_100046000,2.09E-16,0.978139528,0.021860472
PfDd2_070016200,1.50E-12,0.069354156,0.930645844
PfDd2_030029800,8.22E-16,0.999349477,0.000650523
PfDd2_070015900,4.73E-11,0.99646941,0.00353059
PfGA01_040017500,3.61E-13,0.997779526,0.002220474
PfGA01_070015400,8.50E-24,0.002205261,0.997794739
PfGA01_120044800,8.89E-18,0.998287263,0.001712737
PfGA01_100005400,1.58E-17,0.001385976,0.998614024
PfGA01_010005500,3.33E-20,0.950920349,0.049079651
PfGA01_090005300,1.49E-13,0.986941322,0.013058678
PfGA01_070036400,2.97E-15,0.96437514,0.03562486
PfGA01_110054400,6.64E-23,0.999999405,5.95E-07
PfGA01_030005800,2.02E-18,0.960032872,0.039967128
PfGA01_050037600,1.17E-14,0.999964201,3.58E-05
PfGA01_130005500,5.28E-14,0.999981167,1.88E-05
PfGA01_080036000,1.49E-10,0.99991364,8.64E-05
PfGA01_000007700,7.20E-14,0.986843746,0.013156254
PfGA01_070015600,2.94E-14,9.43E-05,0.999905745
PfGA01_000006900,2.23E-20,0.865080798,0.134919202
PfGA01_020025500,1.16E-14,0.0029522,0.9970478
PfGA01_080036900,1.58E-14,0.999715473,0.000284527
PfGA01_070015800,1.25E-13,0.900999654,0.099000346
PfGA01_120044900,4.84E-13,0.128025312,0.871974688
PfGA01_140005500,1.81E-22,0.001282477,0.998717523
PfGA01_110054200,6.64E-23,0.999999405,5.95E-07
PfGA01_120024100,2.61E-18,0.075134485,0.924865515
PfGA01_120060800,1.41E-15,0.999850887,0.000149113
PfGA01_040030900,1.35E-12,0.989219208,0.010780792
PfGA01_000006700,2.23E-20,0.865080798,0.134919202
PfGA01_000009400,4.09E-20,0.05262993,0.94737007
PfGA01_060005600,2.83E-15,0.984856826,0.015143174
PfGA01_120005500,2.25E-13,0.998930706,0.001069294
PfGA01_030032200,1.17E-14,0.999964201,3.58E-05
PfGA01_000007400,5.47E-13,0.999854824,0.000145176
PfGB4_070017700,2.32E-15,3.63E-05,0.999963712
PfGB4_040018400,6.29E-18,0.999999578,4.22E-07
PfGB4_070017200,5.47E-27,0.995106949,0.004893051
PfGB4_070005800,0.000198617,0.999786899,1.45E-05
PfGB4_070037600,2.29E-23,7.31E-06,0.99999269
PfGB4_000016600,2.42E-16,0.995160628,0.004839372
PfGB4_000018300,4.08E-15,0.996290133,0.003709867
PfGB4_080013400,7.21E-20,5.24E-10,0.999999999
PfGB4_130005700,2.55E-21,0.065856704,0.934143296
PfGB4_010019100,3.22E-05,0.999865013,0.000102796
PfGB4_000011100,3.23E-23,0.067261975,0.932738025
PfGB4_040005600,1.35E-18,0.999999998,1.87E-09
PfGB4_070017900,1.50E-12,0.069354156,0.930645844
PfGB4_010019400,6.62E-15,0.001558973,0.998441027
PfGB4_140005500,2.07E-15,0.963562568,0.036437432
PfGB4_000006900,5.84E-13,0.993617082,0.006382918
PfGB4_000008400,8.60E-17,0.90156575,0.09843425
PfGB4_050005300,1.35E-18,0.999999998,1.87E-09
PfGB4_070017600,5.58E-14,0.998085947,0.001914053
PfGB4_130079400,2.15E-20,0.999613319,0.000386681
PfGB4_090005500,2.80E-15,0.999987473,1.25E-05
PfGB4_030031100,1.04E-19,0.876835164,0.123164836
PfGB4_120024100,6.02E-16,0.9999933,6.70E-06
PfGB4_140085400,2.15E-20,0.999613319,0.000386681
PfGB4_010005500,1.71E-10,1.34E-06,0.999998665
PfGB4_110006600,1.04E-19,0.876835164,0.123164836
PfGB4_000016100,2.95E-19,0.96640874,0.03359126
PfGB4_000011000,2.21E-11,0.04337302,0.95662698
PfGB4_030005800,1.34E-23,0.000200422,0.999799578
PfGN01_040018500,2.69E-17,0.087370138,0.912629862
PfGN01_120046100,1.36E-22,0.023440768,0.976559232
PfGN01_050037900,1.03E-15,0.947847321,0.052152679
PfGN01_010020400,9.62E-13,0.999998005,1.99E-06
PfGN01_020005900,3.51E-17,0.066813649,0.933186351
PfGN01_060038400,1.86E-13,0.999872121,0.000127879
PfGN01_070005300,1.02E-20,0.98153481,0.01846519
PfGN01_130005500,1.14E-15,0.997631794,0.002368206
PfGN01_010020000,2.33E-13,0.988728732,0.011271268
PfGN01_070017000,5.48E-13,0.986953801,0.013046199
PfGN01_080005700,1.16E-16,0.998581124,0.001418876
PfGN01_110054700,1.69E-13,0.99982415,0.00017585
PfGN01_140085600,3.07E-13,0.999492164,0.000507836
PfGN01_020027900,3.86E-12,0.005225398,0.994774602
PfGN01_070037200,4.45E-23,0.019150168,0.980849832
PfGN01_100045900,4.56E-21,0.013749203,0.986250797
PfGN01_070017800,3.53E-17,0.994924903,0.005075097
PfGN01_000022100,2.61E-13,0.990401529,0.009598471
PfGN01_020028200,1,5.92E-20,2.32E-22
PfGN01_070017200,1.00E-15,0.999562949,0.000437051
PfGN01_040018100,2.57E-16,0.999996033,3.97E-06
PfGN01_040018200,2.57E-16,0.999996033,3.97E-06
PfGN01_090005700,2.54E-15,0.986686266,0.013313734
PfGN01_090043100,4.04E-10,0.980856204,0.019143796
PfGN01_120005900,6.96E-15,0.965543518,0.034456482
PfGN01_050005200,4.14E-14,0.999624511,0.000375489
PfGN01_030030400,2.92E-11,0.996090622,0.003909378
PfGN01_010005400,6.45E-12,7.42E-06,0.999992579
PfGN01_010005100,1.45E-17,0.999694391,0.000305609
PfGN01_130079400,9.83E-14,0.992970063,0.007029937
PfGN01_120025500,4.95E-14,0.999922987,7.70E-05
PfGN01_030030900,3.73E-18,0.999961519,3.85E-05
PfGN01_120061700,1.38E-17,0.001465753,0.998534247
PfGN01_120047100,3.53E-13,0.9994423,0.0005577
PfGN01_030030800,1.94E-14,0.978860661,0.021139339
PfGN01_020005600,1.05E-15,0.002315316,0.997684684
PfGN01_110054500,2.87E-26,3.79E-06,0.999996208
PfGN01_080005400,7.12E-25,2.31E-09,0.999999998
PfGN01_140085000,3.69E-11,0.999866525,0.000133475
PfGN01_120046500,3.53E-13,0.9994423,0.0005577
PfGN01_040026300,9.93E-23,0.016394005,0.983605995
PfGN01_100005600,7.30E-19,0.99967468,0.00032532
PfHB3_080013800,1.18E-21,0.000953994,0.999046006
PfHB3_040017100,9.25E-29,0.001264503,0.998735497
PfHB3_120045600,3.32E-18,0.010932969,0.989067031
PfHB3_120045000,8.89E-18,0.998287263,0.001712737
PfHB3_140005500,1.52E-13,0.880018964,0.119981036
PfHB3_120005700,2.91E-16,0.93140486,0.06859514
PfHB3_070015700,8.76E-07,0.999968685,3.04E-05
PfHB3_140085100,2.70E-19,0.999776945,0.000223055
PfHB3_000006400,1.84E-18,0.013559964,0.986440036
PfHB3_040029500,1.11E-18,0.999814452,0.000185548
PfHB3_120024300,9.97E-15,0.015898839,0.984101161
PfHB3_020026500,2.64E-14,0.962406767,0.037593233
PfHB3_010005400,3.79E-13,0.989532885,0.010467115
PfHB3_120059100,7.29E-14,0.996494002,0.003505998
PfHB3_060037000,9.04E-19,0.990304022,0.009695978
PfHB3_070016000,6.99E-05,0.992563376,0.007366768
PfHB3_020005700,1.10E-15,0.990751439,0.009248561
PfHB3_030029400,2.75E-17,0.999425663,0.000574337
PfHB3_090005500,1.11E-18,0.999814452,0.000185548
PfHB3_000008700,4.44E-10,0.992802742,0.007197258
PfHB3_000011350,9.04E-19,0.990304026,0.009695974
PfIGH-CR14_KNG73992,4.14E-20,0.008738721,0.991261279
PfIGH-CR14_KNG73989,7.35E-14,0.934270442,0.065729558
PfIGH-CR14_KNG74414,1.59E-06,0.9944818,0.005516615
PfIGH-CR14_KNG74644,5.63E-23,0.009249312,0.990750688
PfIGH-CR14_KNG75470,1.36E-20,0.08658584,0.91341416
PfIGH-CR14_KNG75945,5.15E-14,0.998458734,0.001541266
PfIGH-CR14_KNG74539,3.92E-21,0.004926935,0.995073065
PfIGH-CR14_KNG73903,2.37E-15,0.987510629,0.012489371
PfIGH-CR14_KNG77261,2.21E-17,0.980396125,0.019603875
PfIGH-CR14_KNG74078,1.55E-11,0.014081215,0.985918785
PfIGH-CR14_KNG74195,5.57E-24,0.000179731,0.999820269
PfIGH-CR14_KNG76199,1.14E-16,0.062629155,0.937370845
PfIGH-CR14_KNG74786,1.79E-17,0.999991858,8.14E-06
PfIGH-CR14_KNG74202,3.20E-21,0.080143482,0.919856518
PfIGH-CR14_KNG73901,5.32E-19,0.955310929,0.044689071
PfIGH-CR14_KNG75771,1.91E-19,0.999985066,1.49E-05
PfIGH-CR14_KNG74265,3.26E-15,0.99858012,0.00141988
PfIGH-CR14_KNG74131,1.49E-09,0.017833653,0.982166345
PfIGH-CR14_KNG76228,5.78E-14,0.887608526,0.112391474
PfIGH-CR14_KNG74275,8.41E-32,0.999498584,0.000501416
PfIGH-CR14_KNG75234,1.21E-16,0.999982387,1.76E-05
PfIGH-CR14_KNG78240,1.44E-12,0.999980548,1.95E-05
PfIGH-CR14_KNG76129,3.08E-21,0.110269909,0.889730091
PfIGH-CR14_KNG75244,2.49E-17,0.013958297,0.986041703
PfIT_040017400,9.25E-29,0.001264505,0.998735495
PfIT_070016700,7.00E-18,0.999998359,1.64E-06
PfIT_040017300,5.34E-28,0.004971462,0.995028538
PfIT_120045200,6.53E-20,0.982236017,0.017763983
PfIT_020005200,1.48E-13,0.921607302,0.078392698
PfIT_060036800,9.26E-14,0.999813407,0.000186593
PfIT_110005600,1.31E-15,0.01248687,0.98751313
PfIT_020027600,2.99E-14,0.992517708,0.007482292
PfIT_050038500,2.69E-20,0.091635264,0.908364736
PfIT_070016600,4.73E-11,0.996469412,0.003530588
PfIT_040030600,7.23E-14,0.990961683,0.009038317
PfIT_120024600,8.56E-13,0.999426952,0.000573048
PfIT_010005000,3.10E-12,0.910039475,0.089960525
PfIT_120060400,4.77E-17,0.999740918,0.000259082
PfIT_030029800,2.99E-13,0.010212384,0.989787616
PfIT_070016900,1.50E-12,0.069354156,0.930645844
PfIT_130005200,9.26E-14,0.999813407,0.000186593
PfIT_130077800,6.20E-12,0.996537143,0.003462857
PfIT_140085700,2.36E-21,0.005701282,0.994298718
PfIT_070005800,8.88E-23,0.067384427,0.932615573
PfIT_120005500,1.17E-22,0.007043284,0.992956716
PfIT_120045700,2.29E-15,0.915985493,0.084014507
PfKE01_040020000,3.61E-13,0.997779526,0.002220474
PfKE01_120045700,3.15E-17,0.978982313,0.021017687
PfKE01_120045100,1.67E-11,0.999688979,0.000311021
PfKE01_120005400,1.10E-16,0.999830259,0.000169741
PfKE01_110005600,6.05E-13,0.998450924,0.001549076
PfKE01_140005300,9.74E-21,0.115260855,0.884739145
PfKE01_100005500,4.04E-22,2.69E-05,0.999973105
PfKE01_130005400,8.26E-17,0.000692304,0.999307696
PfKE01_080005400,4.27E-20,0.017254252,0.982745748
PfKE01_120024500,1.43E-15,0.909974539,0.090025461
PfKE01_020025000,1.32E-25,0.999975421,2.46E-05
PfKE01_060038300,0.014275279,0.937668345,0.048056376
PfKE01_040019700,3.60E-12,0.963237752,0.036762248
PfKE01_090005300,1.62E-12,0.900132579,0.099867421
PfKE01_040032600,3.57E-19,0.997057534,0.002942466
PfKE01_070015300,8.46E-18,0.99999929,7.10E-07
PfKE01_070015700,4.85E-16,0.989993008,0.010006992
PfKE01_120060300,8.77E-15,0.999932495,6.75E-05
PfKE01_090005600,3.59E-14,0.043070183,0.956929817
PfKE01_070035300,7.39E-15,0.99878669,0.00121331
PfKE01_140084200,2.71E-18,0.060605038,0.939394962
PfKE01_000006200,1.89E-19,0.998905663,0.001094337
PfKE01_000007800,2.10E-17,0.988880232,0.011119768
PfKH01_040017400,4.87E-18,0.027650392,0.972349608
PfKH01_120046500,2.43E-23,0.01038262,0.98961738
PfKH01_000031700,4.09E-17,0.976579361,0.023420639
PfKH01_050005400,2.37E-09,0.999940852,5.91E-05
PfKH01_060039600,1.58E-10,0.023452255,0.976547745
PfKH01_090005300,7.38E-16,0.994548202,0.005451798
PfKH01_140085400,3.13E-07,0.998672877,0.00132681
PfKH01_040005700,5.04E-13,0.999997146,2.85E-06
PfKH01_000028700,2.39E-17,0.999806646,0.000193354
PfKH01_030030500,2.99E-13,0.010212384,0.989787616
PfKH01_040017700,1.20E-11,0.936070797,0.063929203
PfKH01_080038100,5.26E-14,0.000203791,0.999796209
PfKH01_130076900,1.47E-10,0.049370042,0.950629957
PfKH01_000029300,5.66E-16,0.007812452,0.992187548
PfKH01_000028900,1.15E-14,0.999866919,0.000133081
PfKH01_080013900,6.66E-15,0.000623035,0.999376965
PfKH01_010005900,1.62E-05,0.909653667,0.090330117
PfKH01_050038400,1.99E-16,0.943591627,0.056408373
PfKH01_090042500,3.57E-19,0.030705784,0.969294216
PfKH01_040026700,1.12E-13,0.975720762,0.024279238
PfKH01_060006700,2.71E-13,0.999428247,0.000571753
PfKH01_120046900,1.09E-11,0.99998365,1.63E-05
PfKH01_020028300,1.22E-16,0.99990038,9.96E-05
PfKH02_040018000,7.22E-24,2.75E-05,0.999972463
PfKH02_080014500,2.46E-17,0.96992842,0.03007158
PfKH02_080014100,0.006686856,0.976804979,0.016508165
PfKH02_120045600,1.50E-15,0.902690041,0.097309959
PfKH02_070015100,3.07E-10,0.000983452,0.999016548
PfKH02_120045200,7.02E-18,0.120139909,0.879860091
PfKH02_090005100,1.98E-24,0.003598196,0.996401804
PfKH02_010019900,6.20E-12,0.996537143,0.003462857
PfKH02_070035100,1.24E-18,0.975340209,0.024659791
PfKH02_080038400,2.54E-15,0.97888751,0.02111249
PfKH02_020026400,2.07E-17,0.958453954,0.041546046
PfKH02_080005200,2.51E-15,0.999990497,9.50E-06
PfKH02_060005700,1.86E-17,0.99937852,0.00062148
PfKH02_120024500,2.97E-11,0.999866557,0.000133443
PfKH02_080014700,1.59E-22,0.013751419,0.986248581
PfKH02_110005700,3.19E-20,0.001299336,0.998700664
PfKH02_030005900,1.38E-09,0.991465016,0.008534982
PfKH02_000007800,1.24E-18,0.975340209,0.024659791
PfKH02_040032200,2.40E-21,0.999944679,5.53E-05
PfKH02_120005100,2.40E-21,0.999944679,5.53E-05
PfKH02_100005000,1.98E-24,0.003598196,0.996401804
PfRAJ116_KNC35447,1.09E-17,9.53E-07,0.999999047
PfRAJ116_KNC36059,2.96E-07,0.997843326,0.002156377
PfRAJ116_KNC36455,3.54E-15,0.999999757,2.43E-07
PfRAJ116_KNC36060,3.35E-10,0.999464303,0.000535697
PfRAJ116_KNC35065,0.022807098,0.977192884,1.79E-08
PfRAJ116_KNC35072,1.61E-14,0.904505313,0.095494687
PfRAJ116_KNC35109,1.01E-19,0.104098256,0.895901744
PfRAJ116_KNC35883,5.69E-18,0.995243794,0.004756206
PfRAJ116_KNC35050,1.61E-10,0.999309158,0.000690842
PfRAJ116_KNC35124,5.80E-18,0.999999992,7.52E-09
PfRAJ116_KNC35070,1.03E-21,0.999966514,3.35E-05
PfRAJ116_KNC35011,1.88E-19,0.044728163,0.955271837
PfRAJ116_KNC35107,6.13E-15,0.999459137,0.000540863
PfRAJ116_KNC35043,4.53E-14,0.999503179,0.000496821
PfRAJ116_KNC35276,1.14E-16,0.993526198,0.006473802
PfRAJ116_KNC35063,3.27E-11,0.998027927,0.001972073
PfRAJ116_KNC35078,1.14E-14,0.995950299,0.004049701
PfRAJ116_KNC35591,4.53E-14,0.999503179,0.000496821
PfRAJ116_KNC35021,2.45E-16,0.998256959,0.001743041
PfRAJ116_KNC35083,8.86E-19,0.991306076,0.008693924
PfSD01_070029000,3.61E-13,0.997779526,0.002220474
PfSD01_070041400,2.96E-07,0.997843326,0.002156377
PfSD01_070028600,1.39E-15,0.008828519,0.991171481
PfSD01_050005200,4.47E-14,0.95569644,0.04430356
PfSD01_070060700,1.60E-15,0.00036203,0.99963797
PfSD01_140082900,6.85E-13,0.999796458,0.000203542
PfSD01_130005600,5.30E-16,0.999999193,8.07E-07
PfSD01_090043300,1.28E-12,0.992831398,0.007168602
PfSD01_120024300,2.29E-08,0.024393399,0.975606579
PfSD01_070005300,1.05E-14,0.999751849,0.000248151
PfSD01_030030200,6.85E-13,0.999796458,0.000203542
PfSD01_120005600,4.82E-21,0.999976881,2.31E-05
PfSD01_000008500,5.30E-16,0.999999193,8.07E-07
PfSD01_020005600,8.86E-12,0.962085699,0.037914301
PfSD01_070028500,1.57E-15,0.964521749,0.035478251
PfSD01_080005200,1.05E-14,0.999751849,0.000248151
PfSD01_120059200,4.47E-14,0.95569644,0.04430356
PfSD01_090005500,1.16E-13,0.039359031,0.960640969
PfSD01_010005000,1.28E-12,0.992831398,0.007168602
PfSD01_130079200,1.55E-15,0.998618116,0.001381884
PfSD01_000005100,6.73E-08,0.966831271,0.033168662
PfSN01_120045800,2.39E-12,0.970666339,0.029333661
PfSN01_120045500,2.08E-14,0.994480015,0.005519985
PfSN01_040005200,1.88E-13,0.939329716,0.060670284
PfSN01_000010400,5.80E-14,0.939070654,0.060929346
PfSN01_120005600,9.48E-22,0.020326768,0.979673232
PfSN01_070005700,2.61E-06,0.999989071,8.32E-06
PfSN01_070016900,1.41E-19,0.999923014,7.70E-05
PfSN01_060005100,1.52E-12,0.999690682,0.000309318
PfSN01_000009500,1.10E-17,0.999998281,1.72E-06
PfSN01_000020700,3.97E-12,0.998889773,0.001110227
PfSN01_110053000,6.58E-17,0.071370685,0.928629315
PfSN01_000015500,5.29E-13,0.997532507,0.002467493
PfSN01_000017100,4.81E-12,0.949965718,0.050034282
PfSN01_000012100,9.99E-22,0.999871359,0.000128641
PfSN01_120061000,3.38E-16,0.908383922,0.091616078
PfSN01_050037900,9.99E-22,0.999871359,0.000128641
PfSN01_040017700,3.23E-14,0.982326731,0.017673269
PfSN01_000016000,4.51E-19,0.000660349,0.999339651
PfSN01_070005400,5.29E-13,0.997532507,0.002467493
PfSN01_060037900,9.42E-14,0.99706028,0.00293972
PfSN01_100005200,4.40E-11,0.990069295,0.009930705
PfSN01_080037600,4.82E-24,0.047390345,0.952609655
PfSN01_130075700,1.57E-15,0.999908419,9.16E-05
PfSN01_120060800,4.66E-15,0.999633001,0.000366999
PfSN01_120046000,3.26E-15,0.99801076,0.00198924
PfSN01_030031500,6.01E-12,0.992652985,0.007347015
PfSN01_070036700,1.65E-12,0.999616956,0.000383044
PF3D7_0617400,9.87E-31,3.01E-16,1
PF3D7_0808600,7.18E-19,0.98871925,0.01128075
PF3D7_0420700,4.37E-17,0.001801599,0.998198401
PF3D7_0420900,4.37E-17,0.001801599,0.998198401
PF3D7_0712600,3.25E-23,0.01166439,0.98833561
PF3D7_1240600,9.20E-25,4.64E-07,0.999999536
PF3D7_0712000,3.61E-21,0.005010755,0.994989245
PF3D7_0412700,1.24E-23,0.995344551,0.004655449
PF3D7_0412900,4.64E-23,0.027390998,0.972609002
PF3D7_0421300,6.27E-19,0.999993225,6.78E-06
PF3D7_0711700,4.68E-21,0.095386455,0.904613545
PF3D7_0412400,5.87E-24,0.99839248,0.00160752
PF3D7_0712900,1.51E-22,4.40E-07,0.99999956
Pf7G8_080013800,4.99E-20,0.011642154,0.988357846
Pf7G8_070017300,4.14E-14,0.027470167,0.972529833
Pf7G8_040017600,5.75E-12,0.951858868,0.048141132
Pf7G8_120046600,4.32E-16,0.973672014,0.026327986
Pf7G8_120046200,4.22E-20,0.03309667,0.96690333
Pf7G8_040025600,1.28E-20,0.04077413,0.95922587
Pf7G8_070018300,6.73E-26,3.36E-15,1
PfCD01_060023000,6.30E-15,5.10E-08,0.999999949
PfCD01_080014000,4.29E-13,0.994982678,0.005017322
PfCD01_080013700,4.43E-16,8.14E-05,0.999918584
PfCD01_070016300,1.32E-19,0.072510093,0.927489907
PfCD01_040018200,1.38E-20,0.062597651,0.937402349
PfCD01_070015700,4.42E-12,0.997717227,0.002282773
PfCD01_040026200,3.59E-08,0.00017595,0.999824014
PfCD01_040026500,7.96E-11,0.99999981,1.90E-07
PfCD01_070016000,8.31E-16,0.999847004,0.000152996
PfCD01_040017400,1.77E-15,0.990830432,0.009169568
PfDd2_080014300,4.07E-23,0.074083489,0.925916511
PfDd2_060022300,7.08E-18,0.054479207,0.945520793
PfDd2_080013900,2.43E-48,1.85E-23,1
PfDd2_120045900,3.04E-16,0.05634027,0.94365973
PfDd2_120045700,2.76E-19,0.055683912,0.944316088
PfDd2_080014100,7.48E-23,0.00296332,0.99703668
PfDd2_040026300,5.24E-16,1,1.64E-10
PfDd2_040025900,3.73E-30,8.90E-16,1
PfDd2_120046200,8.84E-10,0.999812983,0.000187016
PfDd2_070016500,1.29E-26,1.24E-15,1
PfGA01_060022400,9.87E-31,3.01E-16,1
PfGA01_080012300,2.86E-26,0.998702388,0.001297612
PfGA01_040025200,1.61E-09,0.105398011,0.894601987
PfGA01_120046300,9.12E-27,0.00110591,0.99889409
PfGA01_040017300,3.33E-21,0.006895658,0.993104342
PfGA01_070015100,8.81E-24,0.003203964,0.996796036
PfGA01_120045900,9.12E-27,0.00110591,0.99889409
PfGA01_080012800,9.87E-22,0.053125856,0.946874144
PfGA01_040025800,2.53E-09,0.992961903,0.007038095
PfGB4_070016900,6.84E-21,0.004655297,0.995344703
PfGB4_040018100,5.64E-19,0.027516747,0.972483253
PfGB4_120045900,6.74E-17,0.999999999,5.99E-10
PfGB4_040017800,1.69E-15,0.906171442,0.093828558
PfGB4_080013300,7.47E-18,0.042792457,0.957207543
PfGB4_120045600,3.91E-14,0.999863088,0.000136912
PfGB4_040026000,6.57E-17,0.999999892,1.08E-07
PfGB4_070018200,1.29E-26,1.24E-15,1
PfGN01_060023300,1.63E-16,1.67E-05,0.999983331
PfGN01_080014400,4.38E-22,0.056168797,0.943831203
PfGN01_040026100,5.08E-12,8.26E-05,0.999917449
PfGN01_120046300,2.12E-15,0.999972747,2.73E-05
PfGN01_040017700,6.18E-26,2.21E-08,0.999999978
PfGN01_040018300,1.43E-22,3.20E-06,0.999996796
PfGN01_080014600,2.83E-15,0.000120344,0.999879656
PfGN01_070017500,2.53E-14,0.986976098,0.013023902
PfGN01_080014800,1.99E-23,0.01758216,0.98241784
PfGN01_070017900,1.29E-26,1.24E-15,1
PfHB3_060021800,1.63E-16,1.67E-05,0.999983332
PfHB3_040016500,4.62E-20,0.999705356,0.000294644
PfHB3_120045800,9.69E-19,0.033168735,0.966831265
PfHB3_080014600,1.64E-12,0.878399338,0.121600662
PfHB3_040024700,3.63E-16,0.996012384,0.003987616
PfHB3_040016800,5.00E-18,0.993401962,0.006598038
PfHB3_070015800,1.17E-22,0.014093138,0.985906862
PfHB3_070016100,2.58E-26,1.49E-15,1
PfIGH-CR14_KNG75277,2.46E-17,0.996322426,0.003677574
PfIGH-CR14_KNG77255,0.988805809,0.007581583,0.003612608
PfIGH-CR14_KNG77990,6.62E-22,0.088301845,0.911698155
PfIGH-CR14_KNG74417,2.49E-22,8.23E-05,0.999917695
PfIGH-CR14_KNG74135,2.45E-16,0.923538919,0.076461081
PfIGH-CR14_KNG74419,1.83E-23,1.75E-05,0.999982456
PfIGH-CR14_KNG73897,4.78E-14,0.935209279,0.064790721
PfIGH-CR14_KNG73904,2.17E-23,2.23E-12,1
PfIT_060021400,1.47E-15,0.003415147,0.996584853
PfIT_040025300,2.72E-21,0.019312722,0.980687278
PfIT_120045600,1.43E-21,0.070954393,0.929045607
PfIT_120045800,1.27E-17,0.008776391,0.991223609
PfIT_080014100,9.61E-28,6.18E-08,0.999999938
PfIT_040025100,8.64E-30,7.05E-07,0.999999295
PfIT_040025500,6.39E-16,0.999665204,0.000334796
PfIT_040025800,2.23E-26,1.39E-06,0.999998612
PfIT_000010800,8.53E-24,5.76E-09,0.999999994
PfIT_080013800,1.75E-23,4.98E-08,0.99999995
PfIT_040017000,7.97E-26,0.001153359,0.998846641
PfIT_120046200,6.03E-24,0.013337281,0.986662719
PfIT_070017200,1.29E-26,1.24E-15,1
PfKE01_130005600,3.38E-08,0.999999735,2.31E-07
PfKE01_000006800,2.48E-26,1.80E-09,0.999999998
PfKE01_040027600,2.64E-16,6.48E-06,0.999993517
PfKE01_080014600,2.48E-26,1.80E-09,0.999999998
PfKE01_080014300,1.16E-38,8.91E-31,1
PfKE01_040019800,1.38E-20,0.062597651,0.937402349
PfKE01_120045900,2.12E-19,0.069947019,0.930052981
PfKE01_120046100,2.12E-19,0.069947019,0.930052981
PfKE01_040019400,4.83E-26,0.000942835,0.999057165
PfKE01_120046300,2.12E-19,0.069947019,0.930052981
PfKE01_120045400,7.42E-12,0.99000301,0.00999699
PfKE01_070015400,2.22E-16,0.998125781,0.001874219
PfKE01_040027900,1.50E-16,0.000461866,0.999538134
PfKE01_070016000,3.34E-14,0.000120845,0.999879155
PfKH01_120047100,4.46E-26,2.85E-07,0.999999715
PfKH01_060024600,2.94E-18,0.998891383,0.001108617
PfKH01_040026100,5.54E-15,1.27E-05,0.999987314
PfKH01_000028300,2.49E-17,0.051845803,0.948154197
PfKH01_080012900,4.17E-12,0.002138482,0.997861518
PfKH01_040026500,2.49E-17,0.051845803,0.948154197
PfKH01_100044800,2.54E-26,7.13E-08,0.999999929
PfKH01_070016700,1.36E-25,0.001836633,0.998163367
PfKH01_040018100,4.14E-26,9.78E-07,0.999999022
PfKH01_070016200,1.36E-25,0.001836633,0.998163367
PfKH01_120046800,4.35E-22,0.000890225,0.999109775
PfKH01_040018300,4.14E-26,9.78E-07,0.999999022
PfKH01_080013800,1.52E-22,0.011488037,0.988511963
PfKH01_080013300,1.52E-22,0.011488037,0.988511963
PfKH01_070015700,3.94E-21,0.000866829,0.999133171
PfKH01_040017800,9.86E-18,0.009068037,0.990931963
PfKH01_040027700,2.54E-26,7.13E-08,0.999999929
PfKH02_060024100,7.08E-18,0.054479074,0.945520926
PfKH02_070015500,8.71E-22,0.008375854,0.991624146
PfKH02_060023700,1.08E-05,0.039940255,0.9600489
PfKH02_060023900,7.08E-18,0.054479074,0.945520926
PfKH02_080014300,9.04E-26,3.75E-13,1
PfKH02_070015200,1.55E-11,0.998510326,0.001489674
PfKH02_100045500,2.44E-23,0.016005766,0.983994234
PfKH02_040025700,1.16E-38,8.91E-31,1
PfKH02_040017600,2.27E-50,7.90E-29,1
PfKH02_040026700,1.47E-15,0.003415147,0.996584853
PfKH02_040017200,2.27E-50,7.90E-29,1
PfKH02_040026000,2.74E-12,0.929633685,0.070366315
PfKH02_070015900,9.33E-16,1.80E-07,0.99999982
PfRAJ116_KNC35125,8.38E-28,3.40E-15,1
PfRAJ116_KNC35536,2.98E-24,0.000149237,0.999850763
PfRAJ116_KNC35300,8.38E-28,3.40E-15,1
PfRAJ116_KNC35122,8.38E-28,3.40E-15,1
PfRAJ116_KNC35299,2.43E-48,1.85E-23,1
PfSD01_070015600,8.95E-22,0.001786143,0.998213857
PfSD01_120045400,7.09E-10,0.95088876,0.04911124
PfSD01_070015900,2.51E-13,0.95638492,0.04361508
PfSD01_070028100,1.95E-18,0.040208992,0.959791008
PfSD01_080014100,1.01E-23,0.00079953,0.99920047
PfSD01_070028200,1.86E-16,0.939276154,0.060723846
PfSD01_120045700,1.01E-17,0.001104562,0.998895438
PfSD01_070041500,9.33E-16,1.80E-07,0.99999982
PfSN01_040025500,3.59E-12,0.003206477,0.996793523
PfSN01_060022500,6.06E-15,4.90E-08,0.999999951
PfSN01_120046300,1.90E-20,0.027828488,0.972171512
PfSN01_070017300,3.91E-24,0.028159266,0.971840734
PfSN01_040017400,1.16E-17,0.019003053,0.980996947
PfSN01_080013300,9.81E-23,0.999674509,0.000325491
PfSN01_080013700,9.37E-18,0.997853497,0.002146503
PfSN01_080013000,4.48E-22,0.998740172,0.001259828
PfSN01_070016700,8.46E-24,0.025664362,0.974335638
PfSN01_070017500,8.95E-24,0.00023095,0.99976905