"","A","B","C"
"seq1",1.00864402232346e-26,0.400059835560427,0.599940164439573
"seq2",4.24945851527391e-16,0.990435373297442,0.00956462670255781
"seq3",1.33606656952238e-18,0.999999999999997,3.32645898897e-15
"seq4",1.42277160733477e-15,0.999354218585655,0.000645781414343373
"seq5",3.75113555182526e-25,0.441591442301486,0.558408557698514
"seq6",1.34020144254102e-15,0.985848952981529,0.0141510470184695
"seq7",1.64509713290995e-13,0.999987424449348,1.25755504872895e-05
"seq8",1.57764220877225e-13,0.984564152579293,0.0154358474205491
"seq9",6.46444886771951e-13,0.999927828015062,7.21719842911689e-05
"seq10",2.18781856025522e-22,0.998999271588376,0.00100072841162437
"seq11",1.97664617340688e-16,0.00303713354928821,0.996962866450712
"seq12",2.69236417169783e-14,0.999999991516844,8.48312870778789e-09
"seq13",1.32612498833144e-14,0.707983246260773,0.292016753739213
"seq14",1.42903883466066e-22,8.37068322425102e-06,0.999991629316776
"seq15",2.06645599091697e-13,0.999785708547935,0.000214291451858758
"seq16",6.42438269226712e-21,0.999832057968857,0.000167942031143274
"seq17",2.25605717235398e-20,0.979490100904566,0.020509899095434
"seq18",4.1960537157333e-21,0.833916653657028,0.166083346342972
"seq19",8.69788252378072e-15,0.999999799286725,2.0071326661179e-07
"seq20",6.73363765088482e-16,0.999999986275764,1.37242355835587e-08
"seq21",2.88030598433129e-20,0.0673505386728698,0.93264946132713
"seq22",4.27060884692057e-20,0.272993212269767,0.727006787730233
"seq23",6.54982298866765e-11,0.999960089269739,3.9910664762585e-05
"seq24",2.35920585202884e-16,0.999999240671242,7.59328757654123e-07
"seq25",2.40548348032303e-10,0.999999938528463,6.12309881647353e-08
"seq26",9.92445116443972e-13,0.999999993737783,6.26122490353354e-09
"seq27",1.11610070989511e-14,0.999994071000846,5.92899914290504e-06
"seq28",0.995231410940176,0.00476858905428665,5.53776223463269e-12
"seq29",0.999999999999542,4.58286786096029e-13,9.74162176666538e-17
"seq30",6.35788505288606e-14,0.793406899950192,0.206593100049744
"seq31",3.55489092483057e-12,0.000552227608340342,0.999447772388105
"seq32",4.09421246491088e-15,0.794588257680507,0.205411742319489
"seq33",5.64350213438562e-24,0.00868661874852009,0.99131338125148
"seq34",1.46037557711509e-09,0.987288558122574,0.0127114404170502
"seq35",1.56529314823888e-24,0.999999891184006,1.08815993870005e-07
"seq36",6.67538614644806e-25,0.813463497702667,0.186536502297333
"seq37",1.41618609704657e-17,0.999999999841666,1.5833391250187e-10
"seq38",3.98719080850475e-19,0.974059326995093,0.0259406730049073
"seq39",1.95367255543519e-12,0.999999847308518,1.52689528030179e-07
"seq40",7.97876280830256e-13,0.999939708952336,6.02910468662673e-05
"seq41",1.12595379475176e-14,0.999887775130201,0.000112224869787979
"seq42",2.18202939504583e-19,0.0544780217501678,0.945521978249832
"seq43",2.4743487979892e-24,0.0425320056735882,0.957467994326412
"seq44",2.86705952795504e-21,0.999915476229047,8.45237709529618e-05
"seq45",4.07709058912286e-20,0.968400395581814,0.0315996044181859
"seq46",6.77925587558056e-16,0.999763861500969,0.000236138499030467
"seq47",1.06080696431026e-24,4.94130159871889e-05,0.999950586984013
"seq48",1.13313087445949e-13,0.999999821615851,1.78384035749715e-07
"seq49",5.20102154122859e-26,0.999387775321117,0.000612224678882959
"seq50",1.85929118208506e-17,0.983049946151113,0.0169500538488868
"seq51",8.19769026987791e-06,0.999991407788303,3.94521427206847e-07
"seq52",0.999999999830182,1.59999771953387e-10,9.81790433703206e-12
"seq53",3.82078514320651e-18,0.999399748831535,0.000600251168464793
"seq54",1.37032303645719e-27,0.999874456227158,0.000125543772841794
"seq55",7.64489866506372e-13,0.999994012332868,5.98766636725276e-06
"seq56",8.61377038180087e-18,0.999999840676373,1.5932362727134e-07
"seq57",1.85887296137886e-21,0.00173607559438847,0.998263924405612
"seq58",1,8.05408237455014e-22,2.68337600219787e-24
"seq59",2.37613297975435e-13,0.999767848356419,0.000232151643343491
"seq60",3.02981317522645e-22,0.719745803620506,0.280254196379494
"seq61",2.83070077552905e-17,0.996723075957324,0.00327692404267652
"seq62",3.46450080762631e-14,0.997917139161254,0.00208286083871109
"seq63",3.37802362649169e-16,0.999998150096236,1.84990376351628e-06
"seq64",4.66847925321922e-19,0.922898618363508,0.0771013816364923
"seq65",7.27176177573981e-14,0.931224560687858,0.0687754393120694
"seq66",2.016555987302e-17,0.999999240563812,7.59436188361897e-07
"seq67",2.56429058159478e-26,0.750542361562191,0.249457638437809
"seq68",1.77080656649447e-05,0.999981997033404,2.94900930787889e-07
"seq69",9.97896724648763e-14,1.32907923593367e-05,0.999986709207541
"seq70",6.69601225116838e-27,0.00224870209587482,0.997751297904125
"seq71",1.56204175878492e-15,0.999982385386282,1.76146137165407e-05
"seq72",1.35174292269183e-11,0.978453493406418,0.0215465065800648
"seq73",1,1.54906453668758e-18,6.36386096413793e-22
"seq74",2.95083208845738e-06,0.999996586773533,4.62394378035087e-07
"seq75",1.89087711803557e-11,0.979363864458514,0.0206361355225768
"seq76",1.53656857046949e-16,0.999999926613248,7.33867515552592e-08
"seq77",7.79353713148385e-10,0.256466316963649,0.743533682256997
"seq78",4.55833168593913e-23,0.975159880388208,0.0248401196117917
"seq79",1.17102443091592e-11,0.99999999998829,2.57775443522714e-18
"seq80",2.51656495196089e-14,0.999988131672407,1.1868327567908e-05
"seq81",9.79944956143091e-25,0.969559705776871,0.0304402942231291
"seq82",6.0751420268741e-20,0.997635230473313,0.00236476952668656
"seq83",4.16152234679415e-15,0.997757645740277,0.00224235425971856
"seq84",1.16835313376555e-13,0.999999999397803,6.02079862953017e-10
"seq85",1.78642098687938e-21,0.993399030008717,0.00660096999128344
"seq86",1.22431518173662e-15,0.999998465283416,1.5347165831512e-06
"seq87",1.3968634892697e-19,0.999850196689003,0.000149803310996862
"seq88",4.69145876170979e-15,0.89945769956401,0.100542300435986
"seq89",2.27754448799425e-16,0.999999947421539,5.25784609247676e-08
"seq90",1.4738122472146e-18,0.992233402667138,0.00776659733286187
"seq91",1.11908777245374e-14,0.999998581169433,1.41883055606482e-06
"seq92",5.84944843922741e-21,0.99872677377314,0.00127322622685965
"seq93",3.25273999729634e-25,0.0337764305488218,0.966223569451178
"seq94",9.75125782727023e-31,1.58448837738563e-05,0.999984155116226
"seq95",1.27125702463593e-18,0.999986704761858,1.3295238141772e-05
"seq96",3.78993085025926e-18,0.999291230276976,0.000708769723024437
"seq97",6.46591256192568e-18,0.948125293252341,0.0518747067476586
"seq98",1.39408969884921e-20,0.943150798591916,0.0568492014080844
"seq99",2.21623648626733e-14,0.995926916417426,0.00407308358255128
"seq100",2.97679379665145e-25,1.22282543738552e-10,0.999999999877717
"seq101",0.980863388079975,0.0191366119200252,4.77525494563588e-18
"seq102",9.60839504178879e-13,0.971134758712701,0.028865241286338
"seq103",1.96359215385702e-28,0.769598645468907,0.230401354531093
"seq104",4.73852924471565e-23,0.998648109046541,0.00135189095345883
"seq105",4.84811119347492e-16,0.999685566194907,0.000314433805092822
"seq106",1.70082604670802e-17,0.0112840842613342,0.988715915738666
"seq107",1.20161775680081e-19,0.0229001934510154,0.977099806548985
"seq108",1.14637217204151e-22,0.999667473064142,0.000332526935857888
"seq109",7.78579515855676e-23,0.000495285652895772,0.999504714347104
"seq110",6.63443440732623e-21,0.21228534320518,0.78771465679482
"seq111",1.15050186369535e-13,0.999939199826256,6.08001736294043e-05
"seq112",1,5.11115264340073e-17,1.24417040687666e-21
"seq113",3.82517441174084e-13,0.996508202283866,0.00349179771575128
"seq114",6.75429549093831e-17,0.992543158895994,0.00745684110400629
"seq115",1.22401439320008e-14,0.998490925160875,0.00150907483911309
"seq116",4.92685126570984e-18,0.74814756408671,0.25185243591329
"seq117",1.9288347085689e-16,0.999765015751931,0.000234984248069227
"seq118",1,1.64213311834633e-16,7.7528655713602e-21
"seq119",3.52243316186432e-11,0.999979074923809,2.09250409665188e-05
"seq120",1.80415939671118e-10,0.999999986779966,1.30396183140276e-08
"seq121",5.96966891680144e-19,0.99999877681865,1.22318135024245e-06
"seq122",6.16858869558399e-12,0.999999888385101,1.11608730367412e-07
"seq123",2.16497781150225e-16,0.999999762905713,2.37094286658604e-07
"seq124",2.59234358825414e-16,0.998963374555311,0.00103662544468914
"seq125",3.0089646999326e-19,0.998280521319789,0.00171947868021138
"seq126",4.63964066785756e-24,0.625286993920502,0.374713006079498
"seq127",3.3553278557398e-21,0.166287121142927,0.833712878857073
"seq128",2.66855090364671e-15,0.00348931050088661,0.996510689499111
"seq129",1.8498859790341e-18,0.996766722585489,0.00323327741451095
"seq130",5.16206023631672e-13,0.396840920438678,0.603159079560806
"seq131",2.59132200045747e-11,0.999976534710729,2.34652633581071e-05
"seq132",2.87838392511419e-20,0.120623809789924,0.879376190210076
"seq133",5.09875427504055e-19,0.109593511824632,0.890406488175368
"seq134",6.70747388208922e-13,0.997185283732269,0.00281471626706064
"seq135",1.31899522761959e-16,0.130874223954842,0.869125776045158
"seq136",2.25080327791949e-11,0.0219658591098133,0.978034140867679
"seq137",1.58304643567675e-11,0.108810518698648,0.891189481285521
"seq138",2.2611184246113e-13,0.99932651450425,0.000673485495523885
"seq139",4.01570205069172e-25,0.190374354569016,0.809625645430985
"seq140",2.58418561828608e-18,0.994674314189881,0.0053256858101191
"seq141",2.42790842648669e-17,0.92918915662627,0.0708108433737304
"seq142",4.28664090994513e-20,0.999999984576218,1.54237817349373e-08
"seq143",3.40217307039565e-12,0.00123369705473339,0.998766302941865
"seq144",1.07297463185978e-16,0.999998619706988,1.38029301233933e-06
"seq145",4.3569312200105e-23,0.937063517958821,0.0629364820411789
"seq146",7.4362037033737e-17,0.998906307955396,0.00109369204460404
"seq147",2.9995453986528e-14,0.998934731479413,0.00106526852055745
"seq148",7.54573837822637e-14,0.999999880868651,1.19131273752609e-07
"seq149",2.54558694150607e-15,0.999995743034646,4.25696535099152e-06
"seq150",5.75325365577085e-24,0.959592748458097,0.0404072515419035
"seq151",8.75543646233335e-22,0.865736855696636,0.134263144303364
"seq152",4.27812122966002e-23,0.974642932397569,0.0253570676024306
"seq153",7.07899431892664e-07,0.0569199416675045,0.943079350433064
"seq154",7.25732735177956e-16,0.998264561634267,0.001735438365732
"seq155",3.90431476161335e-15,0.999999999858627,1.41369575427546e-10
"seq156",9.73936607815978e-13,0.71269825087604,0.287301749122986
"seq157",2.44910329700624e-14,0.999718943975195,0.000281056024780988
"seq158",8.79476000467314e-07,0.998325538131595,0.00167358239240421
"seq159",3.97804213071153e-22,0.559902144798736,0.440097855201264
"seq160",1.72874267721947e-12,0.999984380688645,1.56193096262128e-05
"seq161",6.11119094309917e-15,0.999999998934205,1.0657885434096e-09
"seq162",4.19653506224423e-19,0.999999998658507,1.34149283624911e-09
"seq163",2.44990292745901e-15,0.999925271798859,7.47282011387404e-05
"seq164",4.21534853090438e-24,0.220382007833267,0.779617992166733
"seq165",2.12910282090316e-14,0.000698155839228213,0.999301844160751
"seq166",1.01917771556656e-23,0.00293613605132044,0.99706386394868
"seq167",1.51713133734534e-22,0.999076461530772,0.000923538469228098
"seq168",2.8997547513942e-20,0.976336892095059,0.0236631079049414
"seq169",1.3148809171592e-13,0.999999998815096,1.18477200590994e-09
"seq170",5.95904658753886e-11,0.999999999940395,1.44983269206114e-14
"seq171",9.64065562242422e-12,0.990917191575169,0.00908280841519062
"seq172",2.92489821516078e-22,0.000170738606186678,0.999829261393813
"seq173",3.16121703626234e-20,0.686935136958548,0.313064863041452
"seq174",3.02037050405684e-17,0.88867070688704,0.11132929311296
"seq175",2.25158644683952e-14,0.988440314072903,0.0115596859270745
"seq176",1.17517659360904e-12,0.999960826309227,3.91736895975466e-05
"seq177",3.03561912441805e-12,0.999984623199876,1.53767970880644e-05
"seq178",7.20806826417251e-12,0.77660990964004,0.223390090352752
"seq179",8.80066478091754e-27,0.00483225923406508,0.995167740765935
"seq180",1.69014125472334e-16,0.99975075396364,0.000249246036359344
"seq181",2.11268278198474e-22,0.471733899898907,0.528266100101093
"seq182",6.03530296039728e-13,0.999998174113662,1.82588573447776e-06
"seq183",5.36365158953068e-22,0.999998331722358,1.66827764227235e-06
"seq184",2.70318852707068e-28,0.997681862690089,0.00231813730991137
"seq185",2.15388420037917e-22,0.00361018352261044,0.99638981647739
"seq186",1.24383388058223e-16,0.998393957065041,0.00160604293495924
"seq187",5.56514358390718e-14,0.999996163751073,3.83624887115993e-06
"seq188",4.22964482619284e-25,0.03441857825807,0.96558142174193
"seq189",7.87233019058149e-19,0.997075720878383,0.00292427912161697
"seq190",5.93200409064056e-17,0.76045762357987,0.23954237642013
"seq191",1.11730327896675e-26,0.999999905810392,9.41896084594681e-08
"seq192",1.89279570205866e-15,0.954762951365055,0.0452370486349427
"seq193",4.0937170955706e-15,0.000341606348995888,0.999658393651
"seq194",1.80627091505058e-07,0.999918699524529,8.11198483795624e-05
"seq195",8.63352322242384e-27,0.45000418122187,0.54999581877813
"seq196",6.48025216131988e-25,0.999186147700009,0.000813852299990574
"seq197",4.12355053934137e-15,0.864498514719628,0.135501485280368
"seq198",1.56584680248631e-20,0.960555134016902,0.0394448659830983
"seq199",9.42882977425367e-13,0.999999022932956,9.77066101269243e-07
"seq200",1.25297748637243e-06,0.964655203250526,0.0353435437719879
"seq201",3.91630381521344e-22,0.998701476292469,0.00129852370753057
"seq202",9.57104075892394e-21,0.716715561936791,0.283284438063209
"seq203",9.14113325523052e-16,0.902050193553211,0.0979498064467879
"seq204",7.55604741360941e-16,0.999638293809617,0.000361706190382345
"seq205",1.81707422224036e-24,3.47064656487805e-05,0.999965293534351
"seq206",1.73456969946641e-18,0.999936224283434,6.37757165664598e-05
"seq207",3.49545506480325e-19,0.585892294468667,0.414107705531333
"seq208",1.71627540976458e-15,0.998960431962809,0.0010395680371889
"seq209",1.91563904282704e-12,0.983432486761197,0.0165675132368872
"seq210",4.88044691701945e-13,0.0440833972114956,0.955916602788016
"seq211",1.29957973692235e-24,0.984742637466095,0.0152573625339048
"seq212",1.00582057585762e-22,0.991593523322614,0.00840647667738654
"seq213",1.04223772746636e-13,0.999999999999896,1.23062470743958e-19
"seq214",0.999999999831262,1.68738448773431e-10,3.0745952755753e-21
"seq215",1.6541770432091e-13,0.259012274640249,0.740987725359585
"seq216",0.0181438537274953,0.981640556563635,0.000215589708869947
"seq217",1.3730333321921e-13,0.102291741894432,0.897708258105431
"seq218",7.00932076843068e-18,0.999996116351097,3.88364890267307e-06
"seq219",1.04847301360835e-21,0.775330412716323,0.224669587283677
"seq220",1.79227924809581e-18,0.999999999357597,6.42403395788193e-10
"seq221",0.999999999492547,5.07386289686435e-10,6.70225230208702e-14
"seq222",3.04973145680956e-11,0.949568461838741,0.050431538130762
"seq223",2.30300171041411e-22,0.999986709198875,1.32908011248486e-05
"seq224",1.81811338591904e-21,0.833026321239903,0.166973678760096
"seq225",7.15107851417063e-25,0.317849755112572,0.682150244887428
"seq226",4.00008250048607e-08,0.998646022506527,0.00135393749264755
"seq227",1.33774957132123e-11,0.999999305842599,6.94144023492999e-07
"seq228",2.43385262237004e-19,0.011673786084588,0.988326213915412
"seq229",8.38835319715456e-20,0.999999999888347,1.11652976997237e-10
"seq230",1.24019700120578e-22,0.354246552912814,0.645753447087186
"seq231",1.26449059095627e-25,0.305189096913868,0.694810903086132
"seq232",1.22820213373975e-12,0.999969147467166,3.08525316056098e-05
"seq233",1.10693434932598e-14,0.999997854586352,2.14541363638652e-06
"seq234",5.57885192230716e-22,0.94827247278086,0.05172752721914
"seq235",4.35261586329171e-31,0.999999380489173,6.19510827233512e-07
"seq236",4.71049337343593e-18,0.999998794358187,1.20564181340494e-06
"seq237",6.58288028380601e-15,0.999999999999993,1.04277604544618e-18
"seq238",1.14237839744341e-16,0.999254481697275,0.000745518302724486
"seq239",1.36237952052216e-20,0.296363206070181,0.703636793929819
"seq240",8.31829896453423e-16,0.363379377557937,0.636620622442062
"seq241",2.1256398474255e-10,0.999999997902262,1.88517374600236e-09
"seq242",1,1.29480287452228e-16,1.30826504708893e-17
"seq243",7.35559660933332e-19,0.992430096999419,0.00756990300058093
"seq244",1.19696195094424e-14,0.999821589308903,0.000178410691084836
"seq245",1.31696850673983e-17,0.000772926086345299,0.999227073913655
"seq246",2.7976846311332e-17,0.999995419340693,4.58065930654878e-06
"seq247",6.53233669801841e-13,0.999999460729107,5.39270240158144e-07
"seq248",8.66441826596229e-19,0.491460809559904,0.508539190440096
"seq249",6.02249567245321e-28,3.47479078319863e-05,0.999965252092168
"seq250",1,2.25320986297814e-19,3.17332947716714e-24
"seq251",6.1869110940796e-16,0.507021528201828,0.492978471798172
"seq252",1.61372043740536e-20,0.173596167482945,0.826403832517055
"seq253",1.38855629811087e-23,0.991826062764784,0.00817393723521631
"seq254",0.999999999983052,1.69478006639368e-11,1.83050883331005e-20
"seq255",1.10556437937951e-21,0.186549085533622,0.813450914466378
"seq256",3.11912729997888e-19,0.999999992686558,7.31344179356502e-09
"seq257",1.59084591741632e-22,0.990558529541504,0.00944147045849614
"seq258",7.05463036634856e-30,8.03490074158074e-06,0.999991965099258
"seq259",1.10025715785607e-24,5.21990937466149e-06,0.999994780090625
"seq260",7.91927310860097e-09,0.875101360822674,0.124898631258053
"seq261",4.22875479277784e-22,0.997374839060683,0.00262516093931716
"seq262",1.22955134396889e-24,0.999998524747577,1.47525242323626e-06
"seq263",6.21723176553364e-16,0.999971094171125,2.8905828874032e-05
"seq264",2.8134437323287e-12,0.999967833135006,3.21668621806282e-05
"seq265",1.90444053267276e-17,0.998987582892992,0.00101241710700827
"seq266",5.31933961773712e-18,1.67271939203501e-05,0.99998327280608
"seq267",2.88207891579263e-19,3.22963774297224e-09,0.999999996770362
"seq268",1,2.11124391308522e-16,3.66619620409624e-20
"seq269",6.02285025503642e-23,0.102052721090715,0.897947278909285
"seq270",4.06565191867724e-26,0.017440781034786,0.982559218965214
"seq271",1.86570413966983e-20,0.0998145020036955,0.900185497996305
"seq272",7.40955228421887e-22,1.90004311795926e-05,0.99998099956882
"seq273",3.94784812118209e-08,0.999999960521519,5.09001271234101e-17
"seq274",1.10731777471221e-25,0.830107775929923,0.169892224070077
"seq275",2.90290090957724e-15,0.98480891168332,0.0151910883166768
"seq276",3.57891390869847e-12,0.999983894311069,1.61056853517351e-05
"seq277",3.71717369570605e-11,0.999999831088936,1.68873892453761e-07
"seq278",2.26599179899265e-13,0.999997472238124,2.52776164898325e-06
"seq279",4.52480923448975e-16,0.00951656739163034,0.990483432608369
"seq280",1.16626012998457e-23,0.0203479580526109,0.979652041947389
"seq281",4.6011747918154e-21,0.725041369777536,0.274958630222464
"seq282",4.75911210597585e-11,0.999991392037824,8.60791458463136e-06
"seq283",1.40946819891703e-18,0.995847055771777,0.00415294422822272
"seq284",4.65122715855737e-25,0.000172391093641941,0.999827608906358
"seq285",1.21402580687691e-19,0.970814790428741,0.0291852095712586
"seq286",0.0223640545413852,0.976998205049472,0.000637740409142295
"seq287",1.1871895722169e-11,0.994048335939454,0.00595166404867403
"seq288",5.85601659414436e-24,0.961915692322825,0.0380843076771754
"seq289",2.4474048632226e-19,0.98496796803213,0.01503203196787
"seq290",1.75199575521711e-23,1,4.31637088154538e-18
"seq291",1.87762079298633e-22,0.983120211493872,0.0168797885061276
"seq292",3.90326342277555e-22,0.414878164213184,0.585121835786816
"seq293",1.24539023161632e-18,0.999956278695935,4.37213040649058e-05
"seq294",1.10803616558929e-16,0.999998650771182,1.34922881749134e-06
"seq295",3.58480492404795e-19,0.999950398142558,4.96018574424627e-05
"seq296",3.57836026404256e-13,0.998637781512565,0.00136221848707756
"seq297",5.66908124867945e-15,0.99998517311478,1.48268852144288e-05
"seq298",1.07084354669891e-20,0.676040749301522,0.323959250698478
"seq299",2.38166637361302e-23,0.387077555480714,0.612922444519286
"seq300",1.87463315681338e-20,0.958188663443879,0.0418113365561211
"seq301",2.09317009893217e-24,9.06475579709307e-05,0.999909352442029
"seq302",2.25062129860121e-21,0.99999999433268,5.66731972609026e-09
"seq303",3.5370825652544e-17,0.0598952172233162,0.940104782776684
"seq304",1.05550669398056e-18,0.998181590117908,0.00181840988209195
"seq305",4.96197365514245e-20,0.933149580812785,0.0668504191872145
"seq306",1.52202775931486e-19,0.998215513104914,0.00178448689508596
"seq307",4.5127039056497e-19,0.998221943884699,0.00177805611530073
"seq308",1,5.43865209356221e-18,1.44884175580695e-18
"seq309",1.41956033605733e-16,0.992981414357821,0.00701858564217913
"seq310",0.770322911234509,0.2296770887653,1.91157376371902e-13
"seq311",2.29588712174943e-28,0.0255612606167252,0.974438739383275
"seq312",8.42137751898183e-05,0.994138313977131,0.00577747224767858
"seq313",3.67653084995504e-16,0.870837194477171,0.129162805522828
"seq314",1.49136276598502e-14,0.999689280127864,0.000310719872121019
"seq315",1.26979748210277e-13,0.963617794948397,0.0363822050514754
"seq316",2.14752143132919e-16,0.878413491037692,0.121586508962308
"seq317",0.0123359423534132,0.987664057646506,8.10652783419832e-14
"seq318",4.44155675150295e-15,0.999996237877571,3.76212242417798e-06
"seq319",2.68092812124348e-21,0.37326213328168,0.62673786671832
"seq320",2.64374564879243e-11,0.997758361958512,0.00224163801505097
"seq321",3.19927707778607e-08,0.999979953220207,2.00147870218401e-05
"seq322",0.999999999999024,9.75584241519632e-13,1.46142888039708e-20
"seq323",6.61161851649806e-27,0.975406917882707,0.0245930821172932
"seq324",8.86770021940673e-21,0.999996132467617,3.86753238257665e-06
"seq325",1.81094996062836e-13,0.999957501531544,4.24984682753516e-05
"seq326",1.11725833368251e-11,0.975503866207745,0.0244961337810827
"seq327",6.04393799624332e-15,0.999999999999994,4.88382239284499e-21
"seq328",1.95953794706935e-26,0.933484361585702,0.0665156384142978
"seq329",1.77598822944795e-20,0.44080412583086,0.55919587416914
"seq330",1.53657800663645e-12,0.825691218587592,0.174308781410871
"seq331",1.42429762240541e-17,0.905945542829323,0.0940544571706772
"seq332",1.76506368318137e-09,0.0140200095501451,0.985979988684791
"seq333",3.42347652037925e-17,0.915380619231208,0.0846193807687924
"seq334",2.1009636838e-18,0.985698475107482,0.0143015248925179
"seq335",2.23085229343213e-24,0.0975744874342584,0.902425512565742
"seq336",1,1.0603307665621e-17,4.6725942839336e-20
"seq337",2.93140382866578e-21,0.0400831042854597,0.95991689571454
"seq338",1.47751645496674e-16,0.999984372711798,1.56272882022874e-05
"seq339",5.26084746806177e-12,0.975090424553757,0.0249095754409825
"seq340",1.63425727764162e-18,0.473081235451666,0.526918764548334
"seq341",1.48219322292828e-14,0.96705829092762,0.0329417090723647
"seq342",6.75319802512565e-19,0.963286940389751,0.036713059610249
"seq343",2.1985211511965e-22,0.786088103710903,0.213911896289097
"seq344",4.55640699389613e-08,0.999999946704577,7.73135292189628e-09
"seq345",5.42584061128386e-24,0.454255331432008,0.545744668567992
"seq346",1.74786521091322e-17,0.999979794875353,2.02051246469423e-05
"seq347",8.21575781332532e-16,0.999999971712816,2.82871830793358e-08
"seq348",2.15202118424702e-12,0.989786229750197,0.0102137702476506
"seq349",2.9647548090317e-18,0.884202794584963,0.115797205415037
"seq350",6.55962483139082e-11,0.942317120932529,0.0576828790018746
"seq351",2.35589089760385e-13,0.999972920958209,2.70790415556629e-05
"seq352",2.3416510569334e-24,0.596175258030797,0.403824741969203
"seq353",2.21578548027957e-18,0.0444018740228069,0.955598125977193
"seq354",4.41598124982476e-16,0.999902523350194,9.74766498055004e-05
"seq355",1.16472495279862e-21,2.02904093408972e-05,0.999979709590659
"seq356",6.47833784106982e-31,4.09459608423473e-05,0.999959054039158
"seq357",1.17268967909585e-07,0.999999882731028,4.51423000682797e-15
"seq358",5.18047244892319e-20,0.948629361789867,0.0513706382101334
"seq359",1.44259977689976e-09,0.999996074763066,3.92379433448956e-06
"seq360",7.6030273099357e-20,0.990281671839638,0.00971832816036193
"seq361",1.59834841525988e-17,0.999999727178313,2.72821686662092e-07
"seq362",4.49350413896698e-15,0.999972274904937,2.77250950585166e-05
"seq363",4.38879019620366e-22,0.0312806364165883,0.968719363583412
"seq364",1.91996850045998e-10,0.999966590984613,3.34088233900582e-05
"seq365",2.94740516946621e-16,0.999999992830413,7.16958693225213e-09
"seq366",3.13456904464532e-14,0.991701896867526,0.0082981031324426
"seq367",4.99838538234364e-16,0.999232933825425,0.00076706617457482
"seq368",3.98646352142625e-17,0.948889222660555,0.0511107773394449
"seq369",3.96827311096618e-21,0.993978855857212,0.0060211441427878
"seq370",3.09198360692326e-18,0.998361032418636,0.00163896758136364
"seq371",3.32454626988607e-13,0.999986047443593,1.3952556074751e-05
"seq372",8.40179794450039e-24,0.999727295677777,0.00027270432222308
"seq373",2.40592636585017e-24,0.0181580454514577,0.981841954548542
"seq374",5.43681685474445e-17,0.999999795268845,2.04731154817934e-07
"seq375",1,1.39182363621167e-18,2.26831957905326e-23
"seq376",2.7306274336649e-23,0.0237460622843568,0.976253937715643
"seq377",9.28843027828409e-20,0.940691901328701,0.0593080986712989
"seq378",1.40058306402866e-27,6.32051247806068e-06,0.999993679487522
"seq379",6.37426007787985e-16,0.999999407292287,5.92707712829204e-07
"seq380",8.99462736879372e-25,0.999975391800391,2.46081996088215e-05
"seq381",2.27953892003364e-24,0.996082575927121,0.00391742407287942
"seq382",1.33332473176445e-24,0.000595485883932864,0.999404514116067
"seq383",3.11152246329908e-12,0.999999222717799,7.77279089497394e-07
"seq384",1.34955965275911e-06,0.999998650440341,5.97976931624567e-15
"seq385",3.61599830012798e-16,0.999999940902699,5.90973008961658e-08
"seq386",4.58612108649214e-11,0.999869135830376,0.000130864123762783
"seq387",7.60387294545468e-20,0.419865394480202,0.580134605519798
"seq388",5.44938969089497e-14,0.999974943557744,2.50564422019011e-05
"seq389",1.75908851447364e-14,0.999990439267668,9.56073231436365e-06
"seq390",2.78236903804658e-18,0.999956683328808,4.33166711923348e-05
"seq391",5.37578886186025e-13,0.999996390201533,3.60979792932334e-06
"seq392",2.19437635127857e-23,0.99746722132221,0.00253277867778977
"seq393",1.18231329515954e-12,0.999994919874395,5.0801244227819e-06
"seq394",8.40118246536375e-24,0.0598462725142888,0.940153727485711
"seq395",3.80733307139789e-16,0.992548001408493,0.00745199859150672
"seq396",1.28496879392153e-20,0.921709344869567,0.0782906551304333
"seq397",2.86057470194702e-18,0.999999999948004,5.19961230064784e-11
"seq398",7.9596020529445e-19,0.999999890758617,1.0924138318779e-07
"seq399",1.84314412730505e-20,0.577009523036906,0.422990476963094
"seq400",2.40156716265051e-12,0.756283180582033,0.243716819415566
"seq401",1.14544686043252e-18,0.362399960180892,0.637600039819108
"seq402",0.000243930304073803,0.999750765588738,5.30410718802382e-06
"seq403",4.23827060048144e-15,0.959729984777269,0.0402700152227265
"seq404",9.17306902934617e-13,0.999999757869722,2.42129360960138e-07
"seq405",3.41401993258137e-20,0.358019929056691,0.641980070943309
"seq406",2.09889730461348e-14,0.998487403037905,0.00151259696207362
"seq407",1.43808520858704e-15,0.999999953079483,4.6920516002735e-08
"seq408",3.79054858837539e-17,0.547668963197452,0.452331036802548
"seq409",1.50952288052193e-13,0.626549077335693,0.373450922664156
"seq410",4.22438124628514e-24,0.998955073714644,0.00104492628535567
"seq411",4.13830312693565e-13,0.997185206998868,0.00281479300071818
"seq412",3.77382783076975e-16,0.999996822425917,3.17757408219262e-06
"seq413",5.5659118803577e-24,0.00808891407265638,0.991911085927344
"seq414",1.92548770652838e-20,0.00267830066545153,0.997321699334549
"seq415",1.36419298606445e-17,0.0557692391434647,0.944230760856535
"seq416",3.1432403075105e-09,0.998766163491082,0.0012338333656773
"seq417",8.37920765383405e-15,0.999994972820077,5.02717991466811e-06
"seq418",9.19696765719948e-14,0.999889668933593,0.000110331066314785
"seq419",7.18629756310544e-16,0.999649725278035,0.000350274721964149
"seq420",4.87910232347889e-12,0.999923272575616,7.67274195049379e-05
"seq421",4.17370737557263e-15,0.999988131461742,1.18685382533971e-05
"seq422",5.654406255119e-22,0.913979764445563,0.0860202355544371
"seq423",5.6259607495408e-15,0.999999352347084,6.47652910249687e-07
"seq424",1,1.49507280646274e-16,5.84533034382564e-23
"seq425",3.15162529724622e-17,0.999999904195421,9.58045792684832e-08
"seq426",1.54432578517152e-18,0.978856454462465,0.0211435455375346
"seq427",1.14406436978305e-15,0.836723831754562,0.163276168245436
"seq428",5.84232505480853e-15,0.99999986943019,1.30569803719527e-07
"seq429",0.999999999999996,3.85619551585636e-15,1.05133127160347e-19
"seq430",3.11023237907287e-08,0.999999967466961,1.43071535933419e-09
"seq431",4.52963937389671e-12,0.999815955318129,0.000184044677341752
"seq432",1.08469990851336e-12,0.992501831169774,0.00749816882914107
"seq433",6.56362517452137e-19,0.999482473461256,0.000517526538744173
"seq434",7.23649036581319e-18,0.00739872545739233,0.992601274542608
"seq435",4.96802688687744e-22,0.999621067236026,0.000378932763973925
"seq436",5.82616331907551e-15,0.437459240075455,0.562540759924539
"seq437",1.68697889875737e-10,0.959998689179454,0.040001310651848
"seq438",7.70001808472739e-15,0.900838464858517,0.0991615351414756
"seq439",1.74135176523128e-15,0.00277207060524026,0.997227929394758
"seq440",9.31744917238207e-18,0.999762188910668,0.000237811089332116
"seq441",8.15588099232513e-26,0.00225383874194009,0.99774616125806
"seq442",5.68669777377914e-27,0.815889806120014,0.184110193879985
"seq443",5.7430449066622e-15,0.999999812805479,1.87194515301121e-07
"seq444",9.09434848259443e-27,0.999996414674596,3.58532540376775e-06
"seq445",1.21454598149777e-15,0.999986707627917,1.32923720819575e-05
"seq446",4.59295431557853e-19,0.237207349335473,0.762792650664527
"seq447",7.67207557824044e-21,0.999999999981031,1.89694778711095e-11
"seq448",0.999999999999996,3.78781239761893e-15,1.23387821379467e-19
"seq449",9.91076216056807e-21,0.96945175336782,0.0305482466321801
"seq450",2.07482563481577e-11,0.997285530671809,0.00271446930744292
"seq451",1.19256056405854e-17,0.999781344595819,0.000218655404180611
"seq452",6.13140553564777e-15,0.999904857687,9.51423129940607e-05
"seq453",1.81557352791005e-19,0.907556197905407,0.0924438020945928
"seq454",1.46449611462116e-18,0.814232749836295,0.185767250163705
"seq455",1.02802401423336e-16,0.999999651856105,3.48143894820776e-07
"seq456",1.91374461488243e-16,0.38195865454959,0.61804134545041
"seq457",5.86317576248006e-18,0.73221617752151,0.26778382247849
"seq458",1.88355507799589e-16,0.955665561057892,0.044334438942108
"seq459",4.98423894903439e-13,0.99652500326211,0.00347499673739175
"seq460",2.28655401342903e-11,0.991842098989026,0.00815790098810874
"seq461",1.05308212067979e-16,0.947541617683722,0.052458382316278
"seq462",2.89132832341287e-15,0.67745182205731,0.322548177942687
"seq463",8.03119171153269e-22,0.339547859173445,0.660452140826555
"seq464",5.6338590818509e-24,0.962530785964038,0.0374692140359617
"seq465",1.54537932994463e-26,0.033087254273172,0.966912745726828
"seq466",1.04244817943753e-17,0.999999556843163,4.4315683660871e-07
"seq467",4.18178406657628e-26,5.35781331091757e-06,0.999994642186689
"seq468",0.00623129611065017,0.993768703887061,2.28848487218615e-12
"seq469",1.8836062518717e-09,0.999999997478141,6.38252687605262e-10
"seq470",1.88191166894296e-23,0.571330947959359,0.428669052040641
"seq471",6.2936258299582e-14,0.999973402464407,2.65975355304926e-05
"seq472",1.17163806332338e-17,0.98181347233696,0.0181865276630403
"seq473",2.10315430085456e-21,0.00108063095953408,0.998919369040466
"seq474",7.08360501488447e-19,0.962533387438594,0.0374666125614061
"seq475",4.2859645291435e-20,0.00309925640504679,0.996900743594953
"seq476",4.00037772661882e-15,0.371841792064396,0.6281582079356
"seq477",9.0399006523424e-15,0.999991616430364,8.38356962675018e-06
"seq478",2.4145662080936e-16,0.603067500282622,0.396932499717377
"seq479",4.18534545429215e-14,0.78953250616873,0.210467493831228
"seq480",1.3696528570215e-12,0.9867852424098,0.0132147575888306
"seq481",0.999996459463519,3.54053648111514e-06,1.36797245264557e-21
"seq482",1.00534964053374e-22,0.0381715388236018,0.961828461176398
"seq483",7.90530795352028e-17,0.999974135501089,2.58644989113452e-05
"seq484",3.11159813867091e-23,0.640760729083236,0.359239270916764
"seq485",6.60928786009092e-18,0.609082076501538,0.390917923498462
"seq486",2.75905829475555e-24,0.838084120477897,0.161915879522103
"seq487",7.82036510715582e-18,0.997390065505878,0.00260993449412155
"seq488",2.08843112492934e-18,0.106636109593333,0.893363890406667
"seq489",1.39259971828428e-18,0.907616879458714,0.0923831205412864
"seq490",2.66306841391941e-22,0.00188002724473979,0.99811997275526
"seq491",4.29120263804845e-16,0.0165564198188869,0.983443580181113
"seq492",2.60708722677364e-20,0.999999346689521,6.53310479601466e-07
"seq493",6.07777503021781e-07,0.999999392222492,5.31512642759096e-15
"seq494",9.45627221820728e-06,0.999988121722014,2.42200576744693e-06
"seq495",0.999999999999999,5.77679123134617e-16,3.32181719509366e-17
"seq496",3.92300821777016e-20,0.0349693249430038,0.965030675056996
"seq497",1.13575508698879e-21,0.478760952177146,0.521239047822854
"seq498",7.16346944539068e-23,0.958533508985526,0.0414664910144738
"seq499",3.0328492028445e-14,0.987428372652931,0.0125716273470388
"seq500",3.05999961789196e-13,0.999797774354934,0.000202225644760456
"seq501",2.04670587961858e-10,0.99999961993411,3.79861219231e-07
"seq502",5.1623098108612e-20,0.565331026643561,0.434668973356439
"seq503",5.76572230575094e-17,0.00351275209172881,0.996487247908271
"seq504",2.50661841216724e-16,0.999432347641013,0.0005676523589864
"seq505",2.61896892657798e-14,0.999184019162375,0.000815980837598505
"seq506",4.70282360374047e-17,0.999208359081391,0.000791640918608543
"seq507",3.19890356168772e-18,0.99997593108798,2.40689120196354e-05
"seq508",7.10296527832745e-25,0.00649743064610599,0.993502569353894
"seq509",3.60953356006814e-14,0.99787134907926,0.00212865092070402
"seq510",9.54711660057012e-10,0.999999999045287,1.64932054880168e-15
"seq511",2.24039069039161e-12,0.928385439322498,0.0716145606752612
"seq512",7.83435253789536e-24,0.000872229621205055,0.999127770378795
"seq513",1.62873167101455e-11,0.997320463618174,0.0026795363655386
"seq514",5.81950603956534e-26,0.00635369986358829,0.993646300136412
"seq515",4.95036088742262e-30,0.999999975358746,2.46412535982104e-08
"seq516",1.46145185321477e-16,0.999999648457019,3.51542980615871e-07
"seq517",2.23225991245355e-20,0.000408050362578986,0.999591949637421
"seq518",1.31424037696609e-21,0.964452459745135,0.035547540254865
"seq519",1.08662605552749e-16,0.999711234289116,0.000288765710883922
"seq520",7.97321020190632e-17,0.626814388665811,0.373185611334189
"seq521",3.10225726305871e-18,0.188425141199037,0.811574858800963
"seq522",0.999999978655726,2.13442109532993e-08,6.34024555460437e-14
"seq523",4.66120350679459e-16,0.998873933122212,0.00112606687778749
"seq524",6.7228997064018e-14,0.998788011820465,0.00121198817946757
"seq525",4.81375640299774e-17,0.999559010747901,0.000440989252098963
"seq526",7.85626807698182e-18,0.99999999999615,3.85009914167991e-12
"seq527",5.32150684888541e-19,0.999999999876691,1.23309138941382e-10
"seq528",2.40690382495382e-18,0.703823537891608,0.296176462108392
"seq529",8.34858900991799e-16,0.994240519737599,0.00575948026240015
"seq530",5.4114203150864e-06,0.85386650754404,0.146128081035645
"seq531",6.38467351868898e-18,0.622614346917684,0.377385653082316
"seq532",1.33559550697139e-08,0.999984615598344,1.53710457010809e-05
"seq533",5.69834451767956e-21,0.0772241504382046,0.922775849561795
"seq534",2.58337391857976e-16,0.999971559570673,2.84404293270018e-05
"seq535",5.30275965071413e-20,0.15726460481415,0.84273539518585
"seq536",1.95803184236778e-12,0.999982896426677,1.7103571364591e-05
"seq537",0.999999999829424,1.70575577054134e-10,2.14482966217266e-22
"seq538",1.79458111621667e-21,0.0138693158726126,0.986130684127387
"seq539",7.87200610032788e-11,0.0455075400361161,0.954492459885164
"seq540",3.07149566065781e-16,0.999999995181869,4.81813118584965e-09
"seq541",7.8083910637754e-14,0.999999998801627,1.19829454974488e-09
"seq542",3.13891657886672e-11,0.999999999968611,2.24382425443525e-20
"seq543",7.52879274696359e-18,0.999980259357395,1.97406426049314e-05
"seq544",1.24472629042576e-12,0.99998861974615,1.13802526048732e-05
"seq545",8.42493514596774e-28,0.0219765209136792,0.978023479086321
"seq546",6.06682788533873e-20,0.0161364451309362,0.983863554869064
"seq547",3.89148569257337e-10,0.999902205095801,9.7794515050141e-05
"seq548",6.20632581744668e-12,0.999999999723546,2.70247647480848e-10
"seq549",0.999999999998601,1.39905113039939e-12,4.01057702576902e-26
"seq550",1.57146879915021e-20,0.981607656765451,0.018392343234549
"seq551",7.17887714388382e-14,0.999999123056182,8.7694374658559e-07
"seq552",5.22953099670531e-17,0.766342696304546,0.233657303695454
"seq553",7.14838244880212e-22,2.32101445057278e-13,0.999999999999768
"seq554",1.72978231159854e-18,0.353005716145176,0.646994283854824
"seq555",2.67950052486712e-23,0.012398411671879,0.987601588328121
"seq556",4.2826591305999e-22,0.999865743329026,0.000134256670973835
"seq557",1.6709085950511e-20,0.00338209283405853,0.996617907165941
"seq558",1.14966980550455e-14,0.999394221621131,0.000605778378857487
"seq559",2.97873810127353e-22,0.99998650910568,1.34908943196046e-05
"seq560",1.40943081246909e-15,0.990346962912684,0.00965303708731465
"seq561",3.4222955885101e-18,0.99999999988781,1.1218953708179e-10
"seq562",1.62905571150488e-13,0.998482568907363,0.00151743109247377
"seq563",4.97467195527211e-12,0.999999983687117,1.63079080687324e-08
"seq564",4.68781644311659e-23,0.674680514807105,0.325319485192895
"seq565",4.9945421450522e-16,0.999497017990101,0.000502982009898802
"seq566",6.04375528367396e-13,0.999999927330037,7.26693591287342e-08
"seq567",3.56624159742618e-13,0.0563356958796525,0.943664304119991
"seq568",4.18668718574351e-18,0.23940846829777,0.76059153170223
"seq569",1.9617999199202e-13,0.999952397389683,4.76026101205116e-05
"seq570",1,8.61592289254175e-18,4.17197413562042e-21
"seq571",2.68223381608823e-22,3.15339405266857e-06,0.999996846605947
"seq572",1.9673899390851e-16,0.999191478647081,0.000808521352919122
"seq573",4.62027065202265e-10,0.999993080119166,6.91941880697581e-06
"seq574",3.14645468435238e-13,0.99999857546158,1.42453810560456e-06
"seq575",1.79128873368845e-24,0.0288782029285219,0.971121797071478
"seq576",0.00115941578428765,0.998840583726814,4.8889811678744e-10
"seq577",1.93613914194995e-19,0.9999777221274,2.22778726003073e-05
"seq578",1.83886990361006e-24,0.00819028157428654,0.991809718425713
"seq579",7.34313851738759e-14,0.999999278931029,7.21068897525063e-07
"seq580",4.62554772999515e-11,0.999998758718689,1.24123505586644e-06
"seq581",3.78662730302487e-12,0.999999999996213,9.65128233214925e-18
"seq582",3.90314460335845e-11,0.986571714947172,0.0134282850137963
"seq583",1.65910072872972e-17,0.99995167932847,4.83206715296463e-05
"seq584",1.04679679380059e-10,0.999870613175078,0.000129386720242298
"seq585",1.20541817469227e-14,0.999998563181879,1.4368181092687e-06
"seq586",3.51529895852007e-11,0.0288984810601896,0.971101518904657
"seq587",1.43844118871833e-07,0.99999985308843,3.06745151944469e-09
"seq588",5.06385544127037e-19,0.999999762331099,2.37668901544394e-07
"seq589",1.40308023078549e-12,0.999952024418521,4.79755800758832e-05
"seq590",2.47273536874132e-14,0.999981436825089,1.85631748859118e-05
"seq591",0.00327228119963269,0.996678138165062,4.95806353052376e-05
"seq592",1.31106804630269e-15,0.999999995662545,4.33745353261774e-09
"seq593",7.56090374266372e-15,0.999998852346614,1.14765337826706e-06
"seq594",7.38638321402249e-18,0.000177871001354182,0.999822128998646
"seq595",3.2688156573958e-26,0.0137948628219094,0.986205137178091
"seq596",2.03686062824859e-14,0.996218453992692,0.00378154600728715
